2000005058074
2000005057988
2000005057297
2000005057129
2000005056555
2000005056523
2000005056446
2000005056313
2000005055673
2000005055472
2000005053822
2000005053785
2000005053199
2000005053107
2000005052708
2000005051386
2000005050327
2000005049665
2000005049277
2000005048428
2000005048276
2000005047060
2000005046971
2000005046662
2000005046629
2000005045887
2000005045860
2000005044646
2000005043449
2000005043061
2000005042701
2000005042673
2000005042376
2000005040812
2000005040594
2000005040164
2000005039721
2000005039650
2000005039574
2000005038818
2000005038717
2000005038555
2000005038442
2000005038316
2000005034054
2000005033824
2000005033438
2000005033418
2000005029097
2000005027968
2000005027698
2000005026745
2000005025484
2000005023510
2000005023014
2000005022909
2000005022846
2000005022828
2000005022470
2000005021118
2000005020602
2000005020037
2000005019242
2000005018333
2000005018283
2000005016528
2000005016519
2000005013877
2000005012972
2000005012350
2000005009404
2000005009347
2000005009198
2000005007893
2000005006425
2000005005547
2000005005039
2000005004832
2000005004087
2000005003968
2000005003642
2000005002208
2000005001988
2000005001578
2000005000850
2000005000803
2000005000322
2000005000213
2000005000065
2000004999226
2000004998075
2000004997042
2000004997036
2000004997024
2000004996620
2000004996592
2000004996460
2000004996395
2000004996200
2000004996107
2000004996100
2000004995984
2000004995886
2000004995882
2000004995792
2000004995701
2000004995555
2000004995551
2000004995528
2000004995510
2000004995472
2000004995466
2000004995452
2000004995255
2000004994853
2000004994845
2000004994842
2000004994758
2000004994711
2000004994154
2000004994110
2000004993991
2000004993960
2000004993052
2000004992864
2000004992357
2000004992234
2000004992219
2000004991921
2000004991637
2000004991553
2000004991166
2000004991102
2000004991085
2000004990921
2000004990906
2000004990699
2000004990504
2000004990407
2000004990393
2000004990344
2000004989583
2000004989343
2000004988861
2000004988527
2000004988511
2000004988472
2000004987564
2000004987494
2000004987485
2000004987324
2000004987266
2000004987236
2000004987203
2000004987130
2000004987122
2000004986455
2000004986416
2000004986405
2000004986396
2000004986192
2000004986142
2000004986123
2000004986122
2000004985944
2000004985781
2000004985770
2000004985687
2000004984913
2000004984904
2000004984896
2000004984827
2000004984741
2000004984394
2000004984362
2000004983902
2000004983881
2000004983833
2000004983582
2000004983571
2000004983375
2000004983341
2000004983255
2000004983252
2000004983128
2000004983074
2000004983017
2000004982992
2000004982865
2000004982781
2000004982674
2000004982622
2000004982605
2000004982575
2000004982528
2000004982481
2000004982469
2000004982401
2000004982300
2000004982205
2000004982076
2000004982039
2000004981982
2000004981948
2000004981889
2000004981652
2000004981501
2000004981328
2000004981305
2000004981300
2000004981260
2000004981118
2000004981115
2000004981113
2000004981089
2000004981059
2000004981048
2000004981043
2000004895766
2000004893195
2000004892300
2000004892187
2000004892151
2000004892021
2000004891826
2000004889536
2000004888715
2000004888588
2000004888535
2000004888125
2000004888034
2000004887719
2000004887646
2000004887236
2000004887191
2000004887100
2000004886388
2000004885645
2000004885306
2000004885200
2000004885189
2000004885087
2000004884583
2000004883802
2000004883697
2000004883663
2000004883662
2000004882726
2000004881272
2000004880960
2000004880955
2000004880897
2000004880175
2000004880057
2000004880046
2000004879945
2000004879695
2000004879448
2000004879262
2000004879070
2000004879069
2000004879068
2000004878869
2000004878830
2000004878362
2000004878323
2000004878132
2000004878032
2000004877635
2000004877512
2000004877206
2000004877200
2000004877198
2000004877197
2000004877190
2000004877187
2000004877183
2000004877182
2000004877152
2000004877148
2000004877142
2000004877139
2000004877137
2000004877133
2000004877131
2000004877127
2000004877123
2000004877117
2000004877114
2000004877109
2000004877100
2000004877087
2000004877081
2000004877051
2000004877045
2000004877044
2000004877042
2000004877022
2000004877009
2000004876991
2000004876990
2000004876988
2000004876984
2000004876983
2000004876982
2000004876981
2000004876979
2000004876976
2000004876975
2000004876974
2000004876306
2000004876089
2000004876009
2000004875882
2000004875853
2000004875793
2000004875756
2000004875691
2000004875681
2000004875664
2000004875643
2000004875642
2000004875557
2000004875552
2000004875550
2000004875539
2000004875523
2000004875501
2000004875490
2000004875474
2000004875425
2000004875388
2000004875334
2000004875215
2000004875210
2000004870118
2000004870089
2000004870085
2000004870057
2000004870050
2000004870039
2000004870033
2000004869978
2000004869890
2000004869708
2000004869668
2000004869652
2000004869617
2000004869532
2000004869363
2000004869332
2000004869301
2000004869209
2000004869089
2000004869078
2000004868989
2000004868891
2000004868870
2000004868770
2000004868717
2000004868707
2000004868706
2000004868682
2000004868670
2000004868659
2000004868567
2000004868510
2000004868477
2000004868378
2000004868368
2000004868286
2000004868240
2000004868006
2000004867945
2000004867922
2000004867848
2000004867810
2000004867795
2000004867767
2000004867734
2000004867712
2000004867687
2000004867521
2000004867493
2000004867490
2000004867464
2000004867292
2000004867217
2000004867185
2000004867159
2000004867112
2000004867083
2000004867059
2000004867054
2000004866624
2000004866503
2000004866449
2000004866353
2000004866352
2000004866351
2000004866346
2000004866312
2000004866305
2000004866270
2000004866269
2000004866203
2000004866185
2000004866162
2000004866007
2000004865838
2000004865836
2000004865577
2000004865575
2000004865410
2000004865379
2000004865219
2000004865216
2000004865039
2000004864992
2000004864979
2000004864926
2000004864924
2000004864851
2000004864846
2000004864845
2000004864757
2000004864709
2000004864636
2000004864456
2000004864324
2000004864285
2000004864124
2000004864036
2000004864012
2000004863886
2000004863750
2000004863669
2000004863618
2000004863608
2000004863597
2000004863370
2000004862497
2000004862416
2000004860985
2000004860970
2000004860969
2000004860939
2000004860280
2000004860213
2000004860204
2000004860099
2000004860054
2000004860025
2000004860015
2000004859972
2000004859949
2000004859895
2000004859799
2000004859636
2000004859633
2000004859599
2000004859501
2000004859397
2000004857787
2000004857786
2000004857668
2000004857653
2000004857637
2000004857530
2000004857456
2000004857336
2000004857270
2000004857229
2000004857174
2000004857171
2000004857060
2000004856962
2000004856931
2000004856823
2000004856778
2000004856678
2000004856676
2000004856673
2000004856671
2000004856641
2000004856633
2000004856604
2000004856415
2000004856340
2000004856248
2000004856169
2000004856129
2000004856119
2000004855875
2000004855741
2000004855597
2000004855531
2000004855521
2000004855439
2000004855438
2000004855353
2000004855346
2000004855254
2000004855249
2000004855191
2000004855151
2000004853152
2000004853150
2000004853148
2000004851863
2000004851862
2000004851851
2000004851831
2000004851440
2000004851390
2000004851380
2000004851343
2000004851267
2000004851227
2000004851217
2000004851216
2000004851161
2000004851157
2000004851128
2000004851043
2000004851033
2000004850994
2000004850992
2000004850910
2000004850791
2000004850760
2000004850616
2000004850532
2000004850520
2000004850514
2000004850348
2000004850323
2000004850242
2000004850202
2000004850067
2000004850061
2000004850048
2000004850035
2000004849987
2000004849805
2000004849789
2000004849751
2000004849658
2000004849609
2000004849602
2000004849598
2000004849537
2000004849014
2000004849005
2000004848972
2000004848969
2000004848905
2000004848874
2000004848866
2000004848843
2000004848833
2000004848798
2000004848771
2000004848664
2000004848610
2000004848608
2000004848607
2000004848472
2000004848417
2000004848336
2000004848250
2000004848165
2000004848114
2000004848092
2000004848063
2000004848025
2000004847983
2000004847879
2000004847835
2000004847822
2000004847734
2000004847713
2000004847492
2000004847373
2000004847368
2000004847153
2000004846952
2000004846828
2000004846812
2000004846727
2000004846632
2000004846486
2000004846440
2000004846306
2000004846286
2000004846284
2000004846248
2000004846244
2000004846243
2000004846176
2000004846144
2000004846139
2000004846138
2000004845567
2000004845414
2000004845187
2000004845138
2000004845136
2000004845135
2000004845132
2000004845073
2000004844996
2000004844911
2000004844907
2000004844899
2000004844734
2000004844732
2000004844564
2000004844546
2000004844503
2000004844081
2000004844062
2000004844061
2000004844051
2000004844050
2000004843922
2000004843920
2000004843845
2000004843843
2000004843761
2000004843703
2000004843666
2000004843628
2000004843602
2000004843377
2000004843264
2000004843254
2000004843200
2000004841477
2000004841396
2000004841173
2000004841171
2000004841161
2000004841131
2000004841119
2000004840572
2000004840407
2000004840392
2000004840302
2000004840276
2000004840252
2000004840169
2000004839911
2000004839875
2000004839751
2000004839628
2000004839527
2000004839436
2000004839435
2000004839409
2000004839402
2000004839131
2000004839128
2000004838793
2000004838471
2000004838232
2000004838170
2000004838164
2000004838085
2000004838042
2000004837975
2000004837973
2000004837954
2000004837942
2000004837941
2000004837919
2000004837913
2000004837910
2000004837896
2000004837534
2000004837469
2000004837457
2000004837344
2000004837325
2000004837321
2000004837320
2000004837318
2000004837316
2000004835186
2000004835113
2000004835042
2000004835041
2000004835013
2000004835007
2000004834896
2000004834880
2000004834878
2000004834867
2000004834708
2000004834707
2000004834688
2000004834570
2000004834564
2000004834563
2000004834562
2000004834489
2000004834461
2000004834422
2000004834384
2000004833784
2000004833709
2000004833611
2000004833487
2000004833482
2000004833453
2000004833377
2000004833364
2000004833293
2000004833284
2000004833164
2000004833107
2000004832990
2000004832918
2000004832823
2000004832752
2000004832665
2000004832530
2000004832484
2000004832452
2000004832145
2000004831889
2000004831886
2000004831693
2000004831691
2000004831593
2000004831546
2000004831486
2000004831445
2000004831442
2000004831428
2000004831273
2000004831132
2000004830923
2000004830816
2000004830721
2000004830712
2000004830672
2000004830666
2000004830392
2000004830366
2000004830348
2000004830347
2000004830305
2000004830304
2000004830249
2000004830174
2000004830138
2000004830132
2000004830131
2000004830027
2000004829992
2000004829908
2000004829904
2000004829897
2000004829539
2000004829500
2000004829436
2000004829331
2000004829315
2000004829229
2000004829182
2000004829167
2000004829147
2000004829145
2000004828951
2000004828950
2000004828949
2000004828948
2000004828900
2000004828851
2000004828552
2000004828511
2000004828464
2000004828446
2000004828357
2000004828350
2000004828233
2000004828223
2000004826424
2000004826321
2000004826214
2000004826117
2000004825927
2000004825922
2000004825911
2000004825841
2000004825804
2000004825717
2000004825539
2000004825501
2000004825425
2000004825323
2000004825317
2000004825193
2000004825173
2000004825034
2000004824987
2000004824913
2000004824753
2000004824732
2000004824720
2000004824652
2000004824642
2000004824631
2000004824529
2000004824333
2000004824329
2000004824326
2000004824259
2000004824141
2000004823997
2000004823976
2000004823782
2000004823771
2000004823768
2000004823718
2000004823714
2000004823668
2000004823630
2000004823566
2000004823275
2000004823274
2000004823261
2000004823241
2000004823196
2000004823183
2000004823175
2000004823011
2000004822941
2000004822925
2000004822826
2000004822817
2000004822694
2000004822552
2000004821949
2000004821944
2000004821942
2000004821911
2000004821910
2000004821865
2000004821591
2000004821584
2000004821481
2000004821444
2000004821197
2000004821164
2000004821159
2000004821140
2000004821060
2000004820985
2000004820808
2000004820396
2000004820311
2000004820309
2000004820085
2000004820081
2000004819967
2000004819905
2000004819840
2000004819821
2000004819585
2000004819497
2000004819489
2000004819396
2000004819335
2000004819218
2000004819152
2000004819150
2000004819088
2000004818997
2000004818953
2000004818763
2000004818722
2000004818611
2000004818610
2000004818608
2000004818590
2000004818456
2000004818372
2000004818361
2000004818295
2000004818163
2000004817995
2000004817950
2000004817836
2000004817673
2000004817671
2000004817489
2000004817426
2000004817292
2000004817177
2000004817126
2000004817087
2000004817044
2000004817040
2000004817039
2000004817016
2000004817012
2000004816950
2000004816790
2000004816515
2000004816477
2000004816166
2000004816111
2000004815981
2000004815867
2000004815781
2000004815732
2000004815707
2000004815700
2000004815660
2000004815646
2000004815541
2000004815539
2000004815458
2000004815454
2000004815306
2000004815304
2000004815231
2000004815107
2000004815074
2000004815049
2000004815012
2000004814551
2000004814521
2000004814480
2000004814442
2000004814404
2000004814290
2000004814123
2000004814120
2000004814116
2000004813984
2000004813983
2000004813976
2000004813953
2000004813929
2000004813898
2000004813803
2000004813765
2000004813654
2000004813496
2000004813454
2000004813400
2000004813353
2000004813231
2000004813122
2000004813055
2000004813048
2000004813046
2000004812973
2000004812966
2000004812965
2000004812913
2000004812826
2000004812723
2000004812722
2000004812688
2000004812686
2000004812652
2000004812624
2000004812618
2000004812610
2000004812609
2000004812596
2000004812445
2000004812438
2000004812385
2000004812384
2000004812302
2000004811961
2000004811954
2000004811820
2000004811814
2000004811808
2000004811737
2000004811671
2000004811657
2000004811646
2000004811520
2000004811518
2000004811469
2000004811445
2000004811356
2000004811354
2000004811320
2000004811243
2000004811233
2000004811195
2000004811053
2000004811038
2000004810981
2000004810979
2000004810932
2000004810922
2000004810796
2000004810757
2000004810585
2000004810512
2000004810487
2000004810469
2000004810413
2000004810412
2000004810406
2000004810377
2000004810260
2000004810174
2000004810157
2000004810090
2000004810088
2000004810054
2000004810031
2000004809996
2000004809986
2000004809919
2000004809853
2000004809852
2000004809849
2000004809848
2000004809831
2000004809823
2000004809816
2000004809812
2000004809805
2000004809792
2000004809790
2000004809621
2000004809566
2000004809517
2000004809498
2000004809432
2000004809373
2000004809273
2000004809272
2000004809236
2000004809173
2000004809130
2000004809129
2000004809106
2000004808996
2000004808906
2000004808895
2000004808814
2000004808695
2000004808678
2000004808641
2000004808628
2000004808501
2000004808449
2000004808448
2000004808375
2000004808240
2000004808095
2000004807902
2000004807848
2000004807669
2000004807632
2000004807627
2000004807614
2000004807613
2000004807556
2000004807545
2000004807442
2000004807420
2000004807367
2000004807234
2000004807233
2000004807232
2000004807154
2000004807056
2000004807009
2000004806820
2000004806773
2000004806705
2000004806688
2000004806658
2000004806632
2000004806626
2000004806495
2000004806488
2000004806402
2000004806400
2000004806361
2000004806277
2000004806236
2000004806220
2000004806190
2000004806027
2000004805914
2000004805878
2000004805838
2000004805803
2000004805710
2000004805562
2000004805554
2000004805545
2000004805429
2000004805376
2000004805357
2000004805323
2000004805285
2000004805284
2000004805264
2000004805240
2000004805167
2000004805120
2000004805101
2000004804939
2000004804825
2000004804736
2000004804562
2000004804491
2000004804485
2000004804408
2000004804292
2000004804213
2000004804208
2000004804154
2000004804090
2000004804039
2000004804034
2000004804021
2000004804002
2000004803952
2000004803737
2000004803705
2000004803642
2000004803512
2000004803387
2000004803379
2000004803144
2000004803022
2000004802932
2000004802917
2000004802915
2000004802826
2000004798734
2000004798678
2000004798669
2000004798661
2000004798563
2000004798548
2000004798538
2000004798536
2000004798517
2000004798504
2000004798496
2000004798487
2000004798450
2000004798427
2000004798380
2000004798378
2000004798357
2000004798347
2000004798344
2000004798282
2000004798281
2000004798280
2000004798177
2000004798141
2000004798134
2000004798024
2000004797921
2000004797909
2000004797903
2000004797852
2000004797783
2000004797769
2000004797742
2000004797611
2000004797516
2000004797502
2000004797486
2000004797479
2000004797466
2000004797456
2000004797410
2000004797409
2000004797408
2000004797397
2000004797365
2000004797330
2000004797282
2000004797275
2000004797246
2000004797242
2000004797180
2000004797110
2000004797081
2000004797064
2000004797062
2000004797053
2000004797048
2000004797047
2000004797046
2000004797040
2000004797038
2000004797037
2000004796993
2000004796978
2000004796973
2000004796965
2000004796964
2000004796935
2000004796904
2000004796873
2000004796861
2000004796768
2000004796668
2000004796659
2000004796657
2000004796625
2000004796601
2000004796583
2000004796569
2000004796474
2000004796473
2000004796454
2000004796382
2000004796239
2000004796177
2000004796137
2000004795922
2000004795916
2000004795898
2000004795780
2000004795729
2000004795728
2000004795673
2000004795672
2000004795671
2000004795670
2000004795668
2000004795659
2000004795514
2000004795508
2000004795475
2000004795474
2000004795469
2000004795455
2000004795373
2000004795319
2000004795305
2000004795281
2000004795271
2000004795268
2000004795260
2000004795185
2000004795174
2000004795170
2000004795144
2000004795136
2000004795131
2000004795120
2000004795117
2000004795115
2000004795078
2000004795072
2000004795069
2000004795023
2000004795019
2000004795009
2000004794979
2000004794900
2000004794854
2000004794842
2000004794841
2000004794795
2000004794715
2000004794698
2000004794683
2000004794682
2000004794661
2000004794651
2000004794640
2000004794638
2000004794602
2000004794600
2000004794597
2000004794574
2000004794571
2000004794562
2000004794560
2000004794516
2000004794462
2000004794461
2000004794456
2000004794434
2000004794433
2000004794432
2000004794390
2000004794385
2000004794368
2000004794351
2000004794340
2000004794302
2000004794300
2000004794265
2000004794264
2000004794263
2000004794262
2000004794218
2000004794217
2000004794216
2000004794215
2000004794214
2000004794160
2000004794145
2000004794090
2000004794082
2000004794080
2000004794067
2000004794065
2000004794064
2000004794063
2000004794062
2000004794061
2000004794060
2000004794058
2000004794057
2000004794021
2000004794015
2000004793998
2000004793970
2000004793960
2000004793955
2000004793952
2000004793949
2000004793948
2000004793946
2000004793945
2000004793896
2000004793893
2000004793863
2000004793861
2000004793860
2000004793859
2000004793857
2000004793847
2000004793821
2000004793814
2000004793813
2000004793752
2000004793748
2000004793707
2000004793706
2000004793704
2000004793703
2000004793686
2000004793685
2000004793643
2000004793618
2000004793615
2000004793614
2000004793613
2000004793612
2000004793574
2000004793571
2000004793567
2000004793565
2000004793556
2000004793522
2000004793456
2000004793427
2000004793381
2000004793354
2000004793311
2000004793280
2000004793150
2000004793050
2000004792917
2000004792810
2000004792808
2000004792788
2000004792744
2000004792622
2000004792429
2000004792424
2000004792417
2000004792364
2000004792247
2000004792239
2000004791924
2000004791915
2000004791732
2000004791728
2000004791717
2000004791695
2000004791681
2000004791663
2000004791240
2000004791192
2000004791046
2000004791043
2000004790903
2000002930441
2000002930439
2000002930435
2000002930409
2000002930400
2000002930274
2000002930269
2000002930244
2000002930203
2000002930139
2000002930115
2000002930002
2000002929999
2000002929997
2000002929996
2000002929953
2000002929879
2000002929792
2000002929775
2000002929702
2000002929690
2000002929628
2000002929609
2000002929568
2000002929514
2000002929330
2000002929314
2000002929313
2000002929300
2000002929261
2000002929144
2000002929123
2000002929083
2000002929002
2000002928982
2000002928945
2000002928833
2000002928754
2000002928703
2000002928686
2000002928667
2000002928617
2000002928605
2000002928515
2000002928463
2000002928424
2000002928367
2000002928319
2000002928300
2000002928296
2000002928104
2000002928092
2000002928086
2000002927939
2000002927934
2000002927926
2000002927881
2000002927840
2000002927812
2000002927774
2000002927141
2000002926028
2000002926005
2000002925971
2000002925903
2000002925880
2000002925618
2000002925609
2000002925574
2000002925557
2000002925553
2000002925533
2000002925444
2000002925373
2000002925237
2000002924952
2000002924895
2000002924792
2000002924773
2000002924709
2000002924531
2000002924489
2000002924456
2000002924385
2000002924361
2000002924319
2000002924294
2000002924240
2000002924239
2000002924238
2000002924227
2000002924206
2000002924204
2000002924179
2000002924080
2000002923917
2000002923870
2000002923798
2000002923668
2000002923630
2000002923626
2000002923563
2000002923532
2000002923526
2000002923369
2000002923339
2000002923312
2000002923005
2000002919500
2000002919345
2000002919304
2000002919198
2000002919171
2000002919047
2000002919044
2000002919042
2000002919024
2000002919010
2000002918925
2000002918886
2000002918746
2000002918700
2000002918686
2000002918683
2000002918675
2000002918651
2000002918627
2000002918524
2000002918304
2000002918250
2000002918128
2000002918107
2000002918102
2000002918074
2000002918063
2000002917903
2000002917735
2000002917718
2000002917634
2000002917620
2000002917596
2000002917436
2000002917388
2000002917323
2000002917144
2000002917088
2000002917075
2000002916949
2000002916948
2000002916878
2000002916809
2000002916789
2000002916595
2000002916589
2000002916530
2000002916471
2000002916393
2000002916391
2000002916359
2000002916332
2000002916283
2000002916278
2000002916028
2000002916022
2000002915864
2000002915781
2000002915705
2000002915447
2000002915399
2000002915369
2000002915267
2000002915195
2000002915174
2000002915138
2000002915125
2000002915099
2000002915040
2000002914649
2000002914561
2000002914560
2000002914388
2000002914295
2000002914270
2000002914238
2000002914235
2000002914222
2000002913975
2000002913869
2000002913861
2000002913803
2000002913793
2000002913760
2000002913725
2000002913723
2000002913679
2000002913451
2000002913433
2000002913409
2000002913308
2000002913265
2000002913219
2000002913176
2000002913105
2000002913087
2000002913080
2000002913059
2000002913009
2000002912862
2000002912833
2000002912803
2000002912785
2000002912709
2000002912701
2000002912564
2000002912455
2000002912442
2000002912414
2000002912411
2000002912402
2000002912393
2000002912273
2000002912202
2000002912068
2000002912032
2000002912019
2000002911972
2000002911936
2000002911905
2000002911758
2000002911755
2000002911575
2000002911493
2000002911440
2000002911371
2000002911255
2000002911173
2000002911160
2000002911096
2000002910810
2000002910671
2000002910513
2000002910512
2000002910308
2000002910180
2000002910170
2000002909915
2000002909853
2000002909816
2000002909624
2000002909341
2000002909277
2000002909264
2000002909126
2000002909035
2000002909014
2000002908913
2000002908894
2000002908773
2000002908595
2000002908575
2000002908563
2000002908533
2000002908417
2000002908388
2000002908202
2000002908131
2000002907991
2000002907822
2000002907680
2000002907579
2000002907556
2000002907553
2000002907551
2000002907474
2000002907212
2000002907193
2000002907151
2000002906922
2000002906891
2000002906856
2000002906845
2000002906675
2000002906661
2000002906623
2000002906520
2000002906342
2000002906322
2000002906321
2000002906245
2000002906214
2000002906199
2000002906192
2000002906050
2000002905957
2000002905940
2000002905866
2000002905861
2000002905785
2000002905777
2000002905759
2000002905731
2000002905717
2000002905677
2000002905477
2000002905460
2000002905193
2000002905110
2000002905015
2000002905003
2000002904878
2000002904841
2000002904815
2000002904784
2000002904620
2000002904505
2000002904226
2000002904185
2000002904052
2000002903769
2000002903758
2000002903718
2000002903627
2000002903602
2000002903597
2000002903582
2000002903572
2000002903567
2000002903520
2000002903493
2000002903456
2000002903436
2000002903339
2000002903241
2000002903210
2000002903208
2000002903077
2000002903058
2000002903055
2000002902986
2000002902926
2000002902889
2000002902851
2000002902794
2000002902793
2000002902784
2000002902623
2000002902569
2000002902536
2000002902508
2000002902497
2000002902428
2000002902348
2000002902293
2000002902141
2000002902084
2000002901988
2000002901947
2000002901930
2000002901928
2000002901918
2000002901777
2000002901746
2000002901736
2000002901726
2000002901716
2000002901625
2000002901622
2000002901564
2000002901511
2000002901450
2000002901395
2000002901295
2000002901292
2000002901220
2000002901161
2000002901155
2000002901148
2000002901132
2000002901089
2000002901056
2000002900999
2000002900959
2000002900841
2000002900752
2000002900716
2000002900622
2000002900572
2000002900535
2000002900377
2000002900319
2000002900254
2000002900242
2000002900200
2000002900136
2000002900013
2000002900011
2000002899998
2000002899992
2000002899988
2000002899947
2000002899893
2000002899867
2000002899842
2000002899838
2000002899831
2000002899792
2000002899609
2000002899575
2000002899517
2000002899450
2000002899390
2000002899383
2000002899347
2000002899279
2000002899267
2000002899205
2000002899172
2000002899112
2000002899070
2000002899022
2000002898992
2000002898912
2000002898871
2000002898846
2000002898763
2000002898713
2000002898665
2000002898615
2000002898578
2000002898408
2000002898340
2000002898222
2000002898157
2000002898143
2000002898133
2000002898113
2000002897981
2000002897960
2000002897934
2000002897911
2000002897891
2000002897879
2000002897871
2000002897705
2000002897692
2000002897633
2000002897606
2000002897498
2000002897497
2000002897456
2000002897401
2000002897319
2000002897305
2000002897206
2000002897203
2000002897191
2000002897174
2000002897144
2000002897122
2000002897083
2000002897082
2000002897077
2000002897010
2000002896990
2000002896989
2000002896985
2000002896983
2000002896931
2000002896927
2000002896900
2000002896856
2000002896845
2000002896835
2000002896830
2000002896721
2000002896659
2000002896624
2000002896569
2000002896565
2000002896480
2000002896477
2000002896435
2000002896425
2000002896398
2000002896317
2000002896293
2000002896254
2000002896252
2000002896226
2000002896185
2000002896080
2000002895885
2000002895789
2000002895738
2000002895720
2000002895706
2000002895534
2000002895527
2000002895414
2000002895413
2000002895402
2000002895401
2000002895398
2000002895240
2000002895193
2000002895136
2000002895017
2000002894950
2000002894884
2000002894617
2000002894594
2000002894593
2000002894551
2000002894546
2000002894539
2000002894482
2000002894458
2000002894292
2000002894226
2000002894196
2000002894158
2000002894145
2000002894070
2000002893968
2000002893933
2000002893914
2000002893616
2000002893605
2000002893453
2000002893428
2000002893421
2000002893363
2000002893265
2000002893232
2000002893173
2000002893147
2000002893015
2000002892931
2000002892810
2000002892778
2000002892514
2000002892378
2000002892344
2000002892249
2000002892192
2000002891937
2000002891899
2000002891819
2000002891815
2000002891814
2000002891793
2000002891773
2000002891771
2000002891650
2000002891607
2000002891588
2000002891584
2000002891509
2000002891215
2000002891107
2000002891077
2000002890872
2000002890845
2000002890721
2000002890612
2000002890549
2000002890515
2000002890481
2000002890478
2000002890306
2000002890294
2000002890262
2000002890204
2000002890044
2000002889951
2000002889872
2000002889865
2000002889679
2000002889651
2000002889562
2000002889529
2000002889509
2000002889495
2000002889478
2000002889440
2000002889434
2000002889363
2000002889273
2000002889114
2000002888659
2000002888629
2000002888595
2000002888581
2000002888579
2000002888570
2000002888535
2000002888513
2000002888499
2000002888490
2000002888471
2000002888360
2000002888301
2000002888296
2000002887947
2000002887868
2000002887762
2000002887644
2000002887592
2000002887579
2000002887536
2000002887535
2000002887534
2000002887527
2000002887480
2000002887448
2000002887420
2000002887408
2000002887405
2000002887370
2000002887341
2000002887300
2000002887299
2000002887182
2000002887058
2000002887007
2000002886982
2000002886883
2000002886740
2000002886706
2000002886681
2000002886617
2000002886585
2000002886574
2000002886573
2000002886538
2000002886485
2000002886484
2000002886483
2000002886450
2000002886368
2000002886305
2000002886239
2000002886197
2000002886117
2000002886075
2000002886067
2000002886046
2000002886005
2000002885855
2000002885852
2000002885839
2000002885818
2000002885716
2000002885689
2000002885644
2000002885643
2000002885634
2000002885620
2000002885581
2000002885427
2000002885384
2000002885377
2000002885376
2000002885347
2000002885329
2000002885242
2000002885227
2000002885226
2000002885220
2000002885207
2000002885204
2000002885186
2000002885181
2000002885174
2000002885171
2000002885159
2000002885124
2000002885115
2000002885033
2000002885008
2000002884994
2000002884976
2000002884954
2000002884911
2000002884889
2000002884770
2000002884757
2000002884520
2000002884503
2000002884478
2000002884457
2000002884371
2000002884331
2000002884293
2000002884219
2000002884208
2000002884049
2000002884048
2000002884006
2000002883979
2000002883969
2000002883958
2000002883931
2000002883927
2000002883913
2000002883857
2000002883563
2000002883562
2000002879627
2000002879602
2000002879399
2000002879367
2000002879201
2000002879105
2000002879021
2000002879019
2000002878999
2000002878919
2000002878882
2000002878879
2000002878871
2000002878838
2000002878836
2000002878781
2000002878769
2000002878711
2000002878659
2000002878651
2000002878645
2000002878643
2000002878622
2000002878613
2000002878604
2000002878557
2000002878534
2000002878518
2000002878511
2000002878490
2000002878436
2000002878434
2000002878397
2000002878396
2000002878376
2000002878349
2000002878341
2000002878303
2000002878174
2000002877973
2000002877868
2000002877862
2000002877805
2000002877798
2000002877641
2000002877607
2000002877515
2000002877471
2000002877390
2000002877361
2000002877352
2000002877348
2000002877312
2000002876446
2000002875992
2000002875337
2000002870733
2000002864366
2000002864340
2000002864324
2000002864323
2000002864221
2000002864178
2000002864159
2000002864116
2000002864077
2000002864034
2000002864009
2000002863872
2000002863829
2000002863779
2000002863723
2000002863663
2000002863638
2000002863610
2000002863599
2000002863562
2000002863555
2000002863546
2000002863529
2000002863516
2000002863490
2000002863429
2000002863271
2000002863267
2000002863261
2000002861800
2000002861785
2000002861728
2000002861621
2000002861607
2000002861575
2000002861556
2000002861550
2000002861216
2000002861118
2000002861111
2000002861053
2000002861000
2000002860885
2000002860814
2000002860736
2000002860713
2000002860633
2000002860557
2000002860463
2000002860414
2000002860365
2000002860309
2000002860277
2000002860242
2000002860219
2000002860136
2000002860026
2000002860011
2000002859955
2000002859954
2000002859910
2000002859665
2000002859601
2000002859536
2000002859250
2000002859125
2000002859028
2000002858893
2000002858644
2000002858640
2000002858639
2000002858628
2000002858564
2000002858395
2000002858130
2000002857761
2000002857646
2000002857504
2000002857209
2000002857170
2000002857011
2000002856986
2000002856864
2000002856837
2000002856820
2000002856805
2000002856606
2000002856564
2000002855837
2000002855779
2000002855707
2000002855621
2000002855003
2000002854996
2000002854727
2000002854277
2000002854204
2000002854201
2000002853445
2000002853310
2000002853171
2000002852675
2000002852528
2000002852212
2000002851743
2000002851378
2000002850995
2000002850993
2000002850892
2000002850383
2000002850256
2000002850243
2000002850175
2000002849656
2000002849634
2000002849489
2000002849468
2000002849443
2000002849423
2000002849373
2000002849172
2000002849164
2000002848998
2000002848976
2000002848920
2000002848777
2000002848749
2000002848692
2000002848372
2000002848026
2000002847678
2000002847658
2000002847558
2000002847522
2000002847357
2000002847335
2000002847024
2000002846944
2000002846652
2000002846483
2000002846226
2000002846011
2000002845866
2000002845828
2000002845811
2000002845742
2000002845154
2000002845106
2000002845087
2000002845061
2000002845048
2000002844785
2000002844653
2000002844616
2000002844538
2000002844491
2000002844437
2000002844408
2000002844391
2000002844365
2000002844322
2000002844297
2000002844290
2000002844256
2000002843892
2000002843756
2000002843692
2000002843331
2000002843304
2000002843289
2000002843209
2000002843167
2000002843136
2000002843104
2000002843096
2000002843000
2000002842990
2000002842980
2000002842971
2000002842960
2000002842879
2000002842851
2000002842794
2000002842782
2000002842734
2000002842721
2000002842683
2000002842565
2000002842557
2000002842548
2000002842500
2000002842483
2000002842402
2000002842338
2000002842308
2000002842289
2000002842257
2000002842172
2000002842070
2000002842035
2000002841952
2000002841866
2000002841209
2000002841128
2000002841028
2000002841006
2000002840973
2000002840553
2000002840285
2000002840279
2000002840071
2000002840013
2000002839953
2000002839918
2000002839915
2000002839882
2000002839686
2000002839677
2000002839618
2000002839605
2000002839587
2000002839585
2000002839488
2000002839474
2000002839431
2000002839430
2000002839420
2000002839383
2000002839368
2000002839183
2000002839182
2000002839056
2000002839041
2000002839000
2000002838969
2000002838967
2000002838944
2000002838941
2000002838940
2000002838855
2000002838823
2000002838740
2000002838609
2000002838604
2000002838403
2000002838089
2000002837878
2000002837455
2000002837373
2000002837361
2000002837264
2000002836963
2000002836961
2000002836959
2000002836958
2000002836618
2000002836568
2000002836317
2000002836104
2000002836074
2000002836059
2000002836053
2000002835825
2000002835743
2000002835690
2000002835354
2000002835305
2000002835192
2000002834834
2000002834828
2000002834686
2000002834385
2000002834347
2000002833814
2000002833788
2000002833696
2000002833680
2000002833672
2000002833649
2000002833597
2000002833561
2000002833549
2000002833491
2000002833235
2000002833216
2000002833203
2000002833151
2000002833134
2000002833003
2000002832995
2000002832464
2000002832294
2000002832222
2000002832221
2000002832181
2000002832170
2000002831914
2000002831822
2000002831701
2000002831594
2000002831575
2000002831540
2000002831520
2000002831496
2000002830758
2000002830716
2000002830659
2000002830382
2000002830280
2000002830263
2000002830227
2000002830224
2000002830223
2000002830200
2000002830107
2000002829873
2000002829832
2000002829713
2000002829649
2000002829609
2000002829556
2000002829440
2000002829438
2000002829337
2000002829048
2000002828822
2000002828272
2000002828179
2000002828178
2000002827817
2000002827766
2000002827544
2000002827494
2000002827450
2000002827302
2000002827282
2000002827248
2000002827063
2000002826977
2000002826976
2000002826920
2000002826714
2000002826551
2000002826270
2000002826196
2000002825987
2000002825787
2000002825689
2000002825655
2000002824915
2000002824723
2000002824722
2000002824653
2000002824645
2000002824644
2000002824637
2000002824568
2000002824334
2000002824322
2000002824269
2000002824255
2000002824077
2000002824046
2000002823947
2000002823945
2000002823884
2000002823568
2000002823235
2000002823160
2000002823138
2000002822753
2000002822663
2000002822609
2000002822590
2000002822451
2000002822366
2000002822327
2000002822199
2000002822168
2000002822154
2000002822137
2000002822116
2000002821922
2000002821841
2000002821408
2000002821377
2000002821208
2000002820937
2000002820931
2000002820716
2000002820573
2000002820569
2000002820567
2000002820565
2000002820477
2000002820111
2000002819950
2000002819934
2000002819682
2000002819672
2000002819668
2000002819634
2000002819587
2000002819558
2000002819520
2000002819500
2000002819438
2000002819199
2000002819197
2000002819136
2000002818798
2000002818650
2000002818640
2000002818614
2000002818569
2000002818430
2000002818428
2000002818404
2000002818029
2000002817810
2000002817786
2000002817399
2000002817016
2000002816916
2000002816864
2000002816839
2000002816809
2000002816804
2000002816755
2000002816465
2000002816427
2000002816409
2000002816267
2000002816261
2000002816150
2000002815969
2000002815954
2000002815887
2000002815797
2000002815613
2000002815318
2000002815302
2000002814587
2000002814503
2000002814232
2000002814185
2000002814084
2000002814082
2000002814065
2000002814024
2000002814009
2000002813948
2000002813819
2000002813785
2000002813703
2000002813651
2000002813528
2000002813406
2000002813358
2000002813118
2000002813084
2000002813066
2000002812784
2000002812680
2000002812662
2000002812599
2000002812124
2000002812044
2000002812018
2000002811936
2000002811929
2000002811531
2000002811417
2000002810770
2000002810653
2000002810625
2000002810349
2000002810346
2000002810309
2000002810133
2000002810102
2000002810022
2000002809930
2000002809916
2000002809785
2000002808951
2000002808938
2000002808467
2000002808411
2000002808395
2000002808305
2000002808301
2000002808236
2000002807965
2000002807959
2000002807213
2000002807208
2000002807082
2000002807067
2000002807052
2000002807031
2000002806947
2000002806596
2000002806406
2000002805861
2000002805781
2000002805754
2000002805695
2000002805668
2000002805635
2000002805622
2000002805592
2000002805568
2000002805561
2000002805548
2000002805480
2000002805475
2000002805435
2000002805401
2000002805012
2000002804747
2000002804738
2000002804589
2000002804521
2000002803946
2000002803555
2000002803548
2000002803526
2000002803505
2000002803472
2000002803327
2000002803247
2000002802376
2000002802052
2000002802049
2000002802022
2000002801990
2000002801878
2000002801870
2000002801706
2000002801675
2000002801664
2000002801121
2000002801112
2000002801072
2000002800905
2000002800719
2000002800345
2000002800300
2000002800265
2000002800216
2000002799936
2000002799884
2000002799783
2000002799641
2000002799522
2000002799477
2000002799371
2000002799368
2000002799229
2000002799159
2000002798936
2000002798473
2000002798405
2000002797682
2000002797499
2000002797058
2000002796964
2000002796942
2000002796879
2000002796710
2000002796694
2000002796641
2000002796593
2000002796568
2000002796567
2000002796475
2000002796314
2000002796309
2000002796269
2000002796215
2000002795983
2000002795606
2000002795185
2000002794572
2000002794549
2000002794519
2000002794225
2000002794170
2000002794128
2000002794112
2000002793996
2000002793983
2000002793713
2000002793385
2000002792887
2000002792657
2000002792437
2000002792421
2000002792325
2000002792322
2000002792115
2000002791974
2000002791916
2000002791658
2000002791396
2000002791227
2000002791158
2000002790938
2000002790822
2000002790749
2000002790403
2000002790297
2000002790008
2000002789941
2000002789921
2000002789867
2000002789863
2000002789728
2000002789718
2000002789682
2000002789451
2000002789362
2000002788903
2000002788594
2000002788236
2000002788185
2000002788148
2000002787919
2000002787796
2000002787794
2000002787783
2000002787644
2000002787596
2000002787505
2000002787269
2000002787241
2000002787163
2000002786983
2000002786836
2000002786790
2000002786787
2000002786716
2000002786013
2000002785915
2000002785901
2000002785759
2000002785551
2000002784974
2000002784642
2000002784612
2000002784609
2000002784437
2000002784427
2000002783941
2000002783867
2000002783789
2000002783737
2000002783601
2000002783402
2000002783352
2000002783056
2000002782894
2000002782725
2000002782724
2000002782721
2000002782675
2000002782639
2000002782626
2000002782613
2000002782549
2000002782464
2000002782417
2000002782413
2000002782405
2000002782403
2000002782402
2000002782356
2000002782331
2000002782321
2000002782190
2000002782151
2000002782117
2000002781872
2000002781870
2000002781733
2000002781663
2000002781631
2000002781573
2000002781409
2000002781404
2000002781314
2000002781206
2000002781201
2000002781195
2000002781173
2000002781085
2000002781061
2000002781020
2000002780162
2000002780023
2000002780008
2000002779806
2000002779562
2000002779435
2000002778841
2000002778783
2000002778566
2000002778504
2000002778481
2000002778437
2000002778056
2000002778055
2000002777995
2000002777944
2000002777934
2000002777895
2000002777658
2000002777300
2000002777259
2000002776955
2000002776923
2000002776920
2000002776837
2000002776829
2000002776824
2000002776672
2000002776622
2000002776621
2000002776462
2000002776458
2000002776369
2000002776352
2000002776300
2000002776286
2000002776228
2000002776172
2000002776158
2000002776106
2000002776089
2000002776018
2000002775986
2000002775937
2000002775928
2000002775910
2000002775870
2000002775855
2000002775839
2000002775832
2000002775795
2000002775722
2000002775715
2000002775666
2000002775638
2000002775625
2000002775479
2000002775475
2000002775456
2000002775421
2000002775414
2000002775380
2000002775269
2000002775247
2000002775146
2000002775106
2000002774525
2000002774518
2000002774506
2000002774502
2000002774490
2000002774445
2000002774391
2000002774383
2000002774374
2000002774373
2000002774372
2000002774367
2000002774348
2000002774320
2000002774298
2000002774266
2000002774019
2000002774009
2000002773928
2000002773776
2000002773657
2000002773519
2000002773045
2000002772836
2000002772775
2000002772307
2000002772304
2000002772252
2000002772144
2000002772142
2000002772032
2000002771942
2000002771892
2000002771859
2000002771746
2000002771741
2000002771731
2000002771586
2000002771558
2000002771523
2000002771520
2000002771190
2000002771041
2000002770965
2000002770917
2000002770820
2000002770549
2000002770547
2000002770542
2000002770509
2000002770355
2000002770350
2000002770289
2000002770224
2000002770169
2000002770086
2000002770047
2000002770025
2000002769981
2000002769972
2000002769957
2000002769912
2000002769869
2000002769868
2000002769851
2000002769818
2000002769735
2000002769719
2000002769682
2000002769276
2000002769251
2000002769204
2000002769145
2000002769144
2000002769142
2000002769089
2000002769056
2000002768960
2000002768937
2000002768726
2000002768718
2000002768647
2000002768573
2000002768552
2000002768399
2000002768031
2000002767894
2000002767851
2000002767836
2000002767775
2000002767749
2000002767678
2000002767632
2000002767591
2000002767523
2000002767391
2000002767383
2000002767363
2000002767362
2000002767336
2000002767300
2000002767221
2000002767038
2000002766650
2000002766506
2000002766392
2000002766179
2000002766168
2000002766161
2000002766102
2000002766034
2000002766030
2000002765908
2000002765905
2000002765851
2000002765834
2000002765723
2000002765367
2000002765366
2000002765311
2000002765225
2000002765179
2000002765155
2000002765059
2000002765013
2000002765002
2000002764982
2000002764960
2000002764813
2000002764672
2000002764485
2000002764455
2000002764382
2000002764335
2000002764315
2000002764233
2000002764205
2000002764199
2000002764190
2000002764166
2000002764161
2000002764154
2000002764141
2000002764121
2000002764010
2000002764007
2000002763995
2000002763993
2000002763990
2000002763953
2000002763933
2000002763832
2000002763806
2000002763804
2000002763793
2000002763502
2000002763439
2000002763416
2000002763366
2000002763342
2000002763340
2000002763117
2000002763110
2000002762710
2000002762695
2000002762660
2000002762578
2000002762567
2000002762551
2000002762523
2000002762489
2000002762465
2000002762453
2000002762422
2000002762377
2000002762371
2000002762358
2000002762305
2000002762294
2000002762282
2000002762279
2000002762273
2000002762172
2000002762138
2000002761996
2000002761366
2000002761264
2000002761248
2000002760895
2000002760453
2000002760381
2000002760229
2000002760158
2000002760025
2000002759195
2000002759138
2000002759127
2000002759097
2000002759040
2000002758668
2000002758565
2000002758558
2000002758556
2000002758456
2000002758422
2000002758363
2000002758157
2000002758102
2000002757999
2000002757952
2000002757889
2000002757865
2000002757787
2000002757683
2000002757473
2000002757131
2000002756914
2000002756587
2000002756288
2000002756153
2000002755543
2000002755439
2000002755008
2000002755006
2000002754800
2000002754592
2000002754232
2000002753396
2000002753386
2000002753335
2000002753221
2000002753163
2000002752831
2000002752600
2000002752277
2000002751949
2000002751042
2000002750939
2000002750571
2000002750368
2000002750297
2000002750215
2000002750103
2000002749735
2000002749627
2000002749540
2000002749527
2000002749525
2000002749520
2000002749316
2000002749043
2000002748882
2000002748611
2000002748566
2000002748452
2000002748327
2000002748251
2000002748223
2000002748112
2000002747705
2000002747520
2000002747359
2000002747211
2000002746862
2000002746652
2000002746191
2000002746183
2000002745955
2000002745915
2000002745715
2000002745318
2000002745288
2000002745283
2000002745164
2000002744173
2000002744159
2000002744153
2000002744038
2000002743495
2000002743450
2000002743449
2000002743318
2000002743237
2000002742688
2000002742674
2000002742655
2000002742568
2000002742530
2000002742490
2000002742254
2000002742222
2000002742180
2000002742110
2000002742027
2000002742007
2000002741998
2000002741888
2000002741876
2000002741874
2000002741843
2000002741823
2000002741732
2000002741685
2000002741681
2000002741576
2000002741523
2000002741015
2000002741010
2000002740967
2000002740944
2000002740602
2000002740367
2000002740359
2000002740346
2000002740281
2000002740253
2000002740210
2000002739882
2000002739874
2000002739671
2000002739656
2000002739626
2000002739617
2000002739383
2000002739324
2000002739289
2000002739021
2000002738961
2000002738839
2000002738838
2000002738697
2000002738664
2000002738344
2000002738333
2000002738323
2000002738289
2000002738264
2000002738043
2000002738035
2000002737989
2000002737868
2000002737760
2000002737757
2000002737527
2000002737526
2000002737176
2000002737024
2000002736838
2000002736664
2000002736554
2000002736549
2000002736470
2000002735786
2000002735548
2000002734534
2000002734375
2000002734287
2000002734227
2000002733751
2000002733665
2000002733662
2000002733346
2000002733279
2000002733156
2000002733080
2000002733032
2000002732766
2000002732592
2000002732453
2000002732217
2000002732166
2000002732158
2000002732042
2000002732013
2000002731900
2000002731475
2000002731456
2000002731451
2000002731399
2000002731289
2000002731049
2000002730987
2000002730712
2000002729967
2000002729812
2000002729806
2000002729738
2000002729614
2000002729524
2000002729187
2000002728821
2000002728814
2000002728566
2000002728485
2000002728479
2000002728467
2000002728458
2000002728456
2000002728430
2000002728280
2000002728234
2000002728222
2000002728159
2000002728124
2000002727859
2000002727823
2000002727657
2000002727644
2000002727482
2000002727423
2000002727410
2000002727342
2000002727095
2000002727013
2000002727005
2000002726997
2000002726982
2000002726946
2000002726899
2000002726864
2000002726821
2000002726772
2000002726469
2000002726219
2000002726193
2000002726091
2000002725997
2000002725982
2000002725971
2000002725935
2000002725911
2000002725747
2000002725265
2000002725201
2000002725174
2000002725000
2000002724980
2000002724786
2000002724641
2000002724607
2000002724579
2000002724519
2000002724298
2000002724297
2000002724138
2000002724028
2000002724006
2000002723994
2000002723987
2000002723982
2000002723973
2000002723900
2000002723806
2000002723761
2000002723621
2000002723595
2000002723380
2000002723320
2000002722928
2000002722900
2000002722866
2000002722846
2000002722841
2000002722835
2000002722589
2000002722576
2000002722345
2000002722133
2000002722047
2000002721945
2000002721922
2000002721746
2000002721693
2000002721217
2000002721113
2000002721104
2000002720810
2000002720513
2000002720461
2000002720398
2000002720233
2000002720157
2000002719738
2000002719735
2000002719698
2000002719614
2000002719445
2000002719208
2000002719058
2000002719036
2000002718892
2000002718763
2000002718747
2000002718559
2000002718548
2000002718501
2000002718427
2000002718401
2000002718387
2000002718315
2000002718295
2000002718208
2000002718187
2000002718159
2000002717724
2000002717681
2000002717547
2000002717497
2000002717379
2000002717228
2000002717164
2000002716988
2000002716952
2000002716621
2000002716453
2000002716335
2000002716313
2000002716302
2000002716259
2000002716133
2000002716015
2000002715773
2000002715718
2000002715687
2000002715516
2000002715380
2000002715296
2000002715218
2000002715216
2000002715192
2000002714930
2000002714895
2000002714632
2000002714376
2000002714269
2000002714203
2000002714169
2000002713833
2000002713830
2000002713495
2000002713427
2000002713376
2000002713283
2000002712919
2000002712539
2000002712508
2000002712493
2000002712365
2000002712344
2000002712328
2000002712321
2000002712231
2000002712157
2000002711462
2000002711440
2000002711397
2000002711167
2000002711165
2000002711045
2000002710959
2000002710910
2000002710816
2000002710768
2000002710744
2000002710728
2000002710669
2000002710306
2000002710061
2000002709505
2000002709483
2000002709331
2000002709177
2000002709154
2000002709067
2000002708600
2000002708504
2000002708444
2000002708408
2000002708208
2000002708185
2000002708133
2000002708086
2000002707981
2000002707530
2000002707515
2000002707500
2000002707474
2000002707183
2000002706883
2000002706523
2000002706294
2000002706234
2000002706225
2000002706163
2000002706045
2000002705968
2000002705682
2000002705678
2000002705648
2000002705305
2000002705205
2000002705139
2000002705126
2000002705090
2000002704955
2000002704939
2000002704909
2000002704635
2000002704469
2000002704362
2000002704322
2000002704320
2000002704127
2000002704100
2000002704000
2000002703841
2000002703705
2000002703695
2000002703598
2000002703520
2000002703412
2000002703407
2000002703380
2000002703375
2000002703252
2000002703048
2000002703041
2000002703018
2000002702945
2000002702881
2000002702812
2000002702677
2000002702611
2000002702226
2000002701848
2000002701463
2000002701194
2000002700609
2000002700494
2000002700484
2000002700273
2000002700021
2000002699839
2000002699802
2000002699513
2000002699328
2000002698954
2000002698621
2000002698463
2000002698406
2000002698327
2000002698197
2000002698006
2000002697966
2000002697957
2000002697767
2000002697431
2000002697400
2000002697270
2000002697111
2000002697065
2000002697011
2000002697001
2000002696979
2000002696956
2000002696887
2000002696791
2000002696673
2000002696648
2000002696592
2000002696498
2000002696465
2000002696358
2000002696221
2000002696147
2000002696075
2000002695901
2000002695855
2000002695823
2000002695782
2000002695776
2000002695762
2000002695219
2000002694866
2000002694708
2000002694072
2000002694009
2000002693990
2000002693898
2000002693895
2000002693459
2000002693451
2000002693442
2000002693432
2000002693360
2000002692660
2000002692627
2000002692621
2000002692487
2000002692449
2000002692415
2000002692383
2000002692379
2000002692343
2000002692323
2000002692157
2000002692034
2000002691821
2000002691503
2000002691460
2000002691354
2000002691233
2000002690994
2000002690828
2000002690532
2000002690308
2000002690255
2000002690044
2000002690000
2000002689988
2000002689983
2000002689815
2000002689781
2000002689663
2000002689634
2000002689582
2000002689518
2000002689490
2000002689439
2000002689124
2000002689097
2000002688948
2000002688869
2000002688774
2000002688185
2000002688051
2000002687435
2000002687343
2000002687237
2000002687231
2000002687165
2000002687164
2000002687072
2000002686958
2000002686906
2000002686877
2000002686776
2000002686501
2000002686467
2000002686122
2000002686041
2000002685947
2000002685826
2000002685807
2000002685717
2000002685702
2000002685680
2000002685521
2000002685041
2000002685031
2000002684738
2000002684722
2000002684623
2000002684456
2000002684419
2000002684417
2000002684407
2000002684122
2000002683964
2000002683950
2000002683881
2000002683458
2000002683455
2000002683411
2000002683208
2000002683162
2000002683086
2000002683084
2000002682990
2000002682863
2000002682774
2000002682697
2000002682321
2000002682194
2000002681967
2000002681920
2000002681803
2000002681758
2000002681647
2000002680875
2000002680846
2000002680797
2000002680725
2000002680475
2000002680309
2000002680266
2000002680219
2000002679877
2000002679835
2000002679694
2000002679369
2000002679350
2000002679221
2000002679136
2000002679101
2000002678928
2000002678896
2000002678872
2000002678864
2000002678837
2000002678783
2000002678612
2000002678600
2000002678434
2000002678179
2000002678127
2000002678115
2000002678087
2000002677962
2000002677938
2000002677879
2000002677528
2000002677515
2000002677368
2000002676840
2000002676353
2000002676337
2000002676331
2000002676318
2000002676306
2000002676291
2000002676284
2000002676281
2000002676182
2000002676140
2000002675880
2000002674953
2000002674807
2000002674787
2000002674689
2000002674512
2000002674379
2000002674378
2000002674181
2000002673614
2000002673433
2000002673029
2000002672861
2000002672844
2000002672814
2000002672632
2000002672627
2000002672626
2000002672586
2000002671998
2000002670916
2000002670703
2000002670672
2000002670627
2000002670374
2000002670212
2000002669903
2000002669735
2000002669647
2000002669443
2000002669417
2000002669373
2000002669215
2000002669213
2000002669162
2000002669086
2000002668954
2000002668603
2000002668523
2000002668479
2000002668409
2000002668367
2000002668190
2000002668112
2000002668053
2000002667871
2000002667840
2000002667827
2000002667480
2000002667302
2000002667280
2000002667240
2000002666935
2000002666835
2000002666814
2000002666670
2000002666602
2000002666556
2000002666496
2000002666227
2000002666055
2000002665467
2000002665451
2000002665313
2000002665140
2000002664552
2000002664103
2000002663811
2000002663463
2000002663366
2000002663268
2000002663143
2000002663066
2000002662902
2000002662805
2000002662756
2000002662646
2000002662591
2000002662519
2000002662122
2000002662032
2000002661306
2000002660661
2000002660370
2000002659748
2000002659698
2000002659475
2000002659452
2000002659439
2000002659387
2000002658726
2000002658466
2000002658437
2000002658400
2000002658209
2000002658173
2000002658089
2000002658014
2000002658005
2000002657977
2000002657900
2000002657742
2000002657720
2000002657717
2000002657513
2000002657163
2000002657152
2000002657096
2000002657063
2000002656719
2000002656539
2000002656452
2000002656270
2000002656183
2000002655538
2000002655066
2000002655045
2000002654652
2000002654614
2000002654416
2000002653849
2000002653424
2000002652864
2000002651613
2000002651532
2000002651335
2000002651112
2000002650995
2000002650169
2000002649527
2000002647749
2000002647585
2000002647407
2000002647406
2000002646857
2000002646168
2000002646145
2000002646097
2000002646020
2000002645939
2000002645929
2000002645784
2000002645780
2000002645771
2000002645742
2000002645682
2000002645435
2000002645282
2000002645186
2000002645118
2000002645096
2000002644962
2000002644868
2000002644798
2000002644519
2000002644301
2000002643916
2000002643529
2000002643491
2000002643403
2000002643268
2000002643173
2000002643056
2000002642927
2000002642739
2000002642700
2000002642690
2000002642615
2000002642591
2000002642550
2000002642545
2000002642464
2000002642077
2000002641796
2000002641793
2000002641759
2000002641741
2000002641422
2000002641418
2000002641341
2000002641302
2000002641290
2000002641250
2000002641238
2000002641078
2000002641008
2000002640910
2000002640450
2000002639906
2000002639852
2000002639779
2000002639772
2000002639571
2000002639517
2000002639489
2000002639434
2000002639347
2000002639215
2000002639131
2000002639054
2000002639005
2000002639001
2000002638642
2000002638412
2000002638291
2000002638260
2000002638034
2000002637876
2000002637852
2000002637716
2000002637533
2000002637269
2000002637016
2000002636924
2000002636798
2000002636501
2000002636119
2000002636022
2000002635915
2000002635800
2000002635789
2000002635734
2000002635721
2000002635554
2000002635394
2000002635197
2000002634903
2000002634856
2000002634803
2000002634789
2000002634243
2000002633960
2000002633133
2000002632808
2000002632780
2000002632700
2000002632635
2000002632509
2000002632477
2000002632351
2000002632288
2000002631790
2000002631669
2000002631636
2000002631321
2000002630848
2000002630649
2000002630639
2000002630468
2000002630330
2000002630288
2000002630215
2000002630122
2000002629992
2000002629981
2000002629968
2000002629939
2000002629820
2000002629680
2000002629676
2000002629520
2000002629307
2000002629275
2000002629255
2000002629143
2000002629140
2000002629137
2000002628607
2000002628457
2000002628269
2000002628222
2000002628061
2000002627313
2000002626502
2000002626423
2000002625864
2000002625855
2000002625722
2000002625458
2000002625314
2000002624564
2000002624539
2000002624281
2000002623840
2000002623810
2000002623683
2000002623574
2000002622552
2000002622240
2000002622229
2000002622134
2000002621990
2000002621961
2000002621857
2000002621807
2000002621759
2000002621725
2000002621603
2000002621598
2000002621511
2000002621489
2000002621468
2000002621430
2000002620807
2000002620643
2000002620465
2000002620361
2000002620340
2000002620327
2000002620140
2000002619916
2000002619606
2000002619600
2000002619510
2000002619327
2000002619269
2000002619203
2000002619077
2000002619005
2000002618921
2000002618868
2000002618527
2000002618365
2000002618225
2000002618214
2000002618065
2000002617928
2000002617755
2000002617716
2000002617542
2000002617431
2000002617201
2000002617075
2000002616816
2000002616381
2000002616337
2000002616216
2000002616056
2000002616054
2000002616047
2000002615931
2000002615626
2000002615612
2000002615408
2000002615241
2000002614786
2000002614712
2000002614507
2000002614348
2000002614345
2000002614158
2000002613971
2000002613660
2000002613563
2000002613542
2000002612954
2000002612653
2000002612560
2000002612528
2000002612347
2000002612313
2000002612242
2000002611985
2000002611889
2000002611651
2000002611440
2000002611410
2000002611223
2000002611071
2000002611002
2000002610910
2000002610886
2000002610755
2000002610673
2000002610416
2000002610356
2000002610254
2000002610175
2000002610145
2000002610142
2000002609943
2000002609813
2000002609793
2000002609780
2000002609620
2000002609505
2000002609450
2000002609401
2000002609362
2000002609212
2000002609211
2000002609133
2000002609125
2000002608835
2000002608573
2000002608513
2000002608442
2000002608418
2000002608361
2000002608314
2000002608187
2000002607340
2000002607323
2000002607301
2000002607295
2000002607110
2000002607056
2000002606875
2000002606837
2000002606834
2000002606695
2000002606677
2000002606667
2000002606658
2000002606608
2000002606563
2000002606544
2000002606398
2000002606379
2000002606186
2000002606127
2000002605901
2000002605893
2000002605713
2000002605380
2000002605185
2000002605179
2000002604997
2000002604947
2000002604915
2000002604476
2000002604059
2000002603148
2000002602809
2000002602024
2000002601880
2000002601732
2000002601285
2000002601215
2000002601075
2000002600704
2000002600642
2000002600641
2000002600556
2000002600398
2000002600377
2000002599859
2000002599644
2000002599617
2000002599360
2000002599344
2000002599116
2000002599114
2000002598903
2000002598727
2000002597897
2000002597761
2000002597615
2000002597539
2000002597449
2000002597343
2000002597301
2000002596757
2000002596630
2000002596615
2000002596516
2000002596505
2000002596485
2000002596445
2000002596443
2000002596407
2000002596215
2000002596201
2000002595988
2000002595965
2000002595622
2000002595539
2000002595136
2000002594960
2000002594918
2000002594674
2000002594433
2000002594420
2000002594385
2000002594342
2000002594148
2000002594089
2000002594016
2000002593979
2000002593887
2000002593814
2000002593811
2000002593686
2000002593682
2000002593609
2000002593592
2000002593506
2000002593485
2000002593246
2000002593136
2000002593033
2000002591730
2000002587896
2000002580257
2000002580216
2000002580200
2000002580060
2000002580056
2000002580008
2000002579492
2000002579063
2000002579042
2000002578981
2000002578540
2000002578420
2000002577885
2000002577797
2000002577384
2000002577167
2000002577154
2000002576556
2000002576547
2000002576398
2000002576305
2000002576226
2000002575532
2000002575513
2000002575512
2000002575479
2000002575410
2000002575395
2000002575391
2000002575298
2000002575282
2000002575213
2000002575173
2000002575166
2000002575141
2000002574939
2000002574888
2000002574852
2000002574834
2000002574832
2000002574821
2000002574755
2000002574723
2000002574706
2000002574644
2000002574487
2000002574462
2000002574026
2000002573890
2000002573636
2000002573584
2000002573533
2000002573455
2000002573428
2000002573421
2000002572655
2000002572613
2000002572606
2000002572565
2000002572496
2000002571884
2000002571723
2000002571709
2000002571633
2000002571563
2000002571441
2000002571023
2000002570968
2000002570963
2000002570936
2000002565199
2000002564880
2000002564875
2000002564865
2000002564842
2000002564768
2000002564753
2000002564713
2000002564645
2000002564633
2000002564626
2000002564609
2000002564547
2000002564537
2000002564530
2000002563672
2000002563614
2000002563542
2000002563502
2000002563488
2000002563473
2000002563449
2000002563433
2000002563109
2000002563062
2000002562640
2000002562513
2000002562182
2000002561977
2000002561839
2000002561667
2000002561575
2000002561423
2000002561372
2000002561354
2000002561335
2000002561278
2000002560626
2000002560201
2000002560185
2000002560155
2000002560033
2000002560009
2000002559880
2000002559466
2000002559232
2000002559162
2000002558968
2000002558412
2000002558219
2000002558218
2000002557749
2000002557672
2000002557520
2000002557501
2000002557051
2000002557007
2000002556822
2000002556795
2000002556727
2000002556637
2000002556545
2000002556080
2000002555905
2000002555898
2000002555596
2000002555441
2000002555402
2000002555375
2000002555325
2000002555116
2000002554701
2000002554624
2000002554481
2000002553965
2000002553951
2000002553781
2000002553780
2000002553519
2000002553478
2000002553426
2000002553343
2000002553161
2000002553109
2000002552921
2000002552887
2000002552561
2000002552535
2000002552499
2000002552325
2000002552301
2000002552291
2000002552247
2000002552167
2000002551654
2000002551652
2000002551640
2000002551630
2000002551582
2000002551535
2000002551519
2000002551515
2000002551454
2000002550584
2000002550385
2000002550315
2000002550251
2000002550185
2000002550064
2000002549852
2000002549832
2000002549577
2000002549400
2000002549398
2000002549312
2000002548963
2000002548948
2000002548913
2000002548842
2000002548746
2000002548738
2000002548702
2000002548406
2000002548384
2000002548376
2000002548249
2000002548213
2000002548067
2000002547943
2000002547841
2000002547823
2000002547785
2000002547766
2000002547522
2000002547451
2000002547356
2000002546939
2000002546879
2000002546578
2000002546555
2000002546087
2000002545915
2000002545762
2000002545712
2000002545639
2000002545600
2000002545587
2000002545514
2000002545478
2000002545279
2000002545105
2000002544679
2000002544406
2000002544381
2000002544004
2000002544002
2000002543967
2000002543934
2000002543911
2000002543855
2000002543837
2000002543823
2000002543394
2000002543315
2000002543276
2000002543148
2000002543086
2000002543001
2000002542765
2000002542737
2000002542561
2000002542550
2000002542479
2000002542406
2000002542221
2000002542182
2000002542112
2000002541691
2000002541634
2000002541518
2000002541475
2000002541420
2000002541196
2000002541066
2000002540327
2000002540244
2000002540183
2000002540169
2000002539646
2000002539163
2000002539080
2000002539071
2000002538869
2000002538633
2000002538161
2000002537966
2000002537910
2000002537614
2000002537485
2000002537352
2000002537297
2000002537185
2000002536863
2000002536612
2000002536330
2000002535876
2000002535864
2000002535777
2000002535472
2000002535468
2000002535315
2000002535160
2000002534909
2000002534845
2000002534766
2000002534244
2000002534176
2000002533849
2000002533846
2000002533843
2000002533424
2000002533389
2000002533262
2000002533235
2000002533123
2000002532187
2000002532035
2000002531731
2000002531623
2000002531516
2000002531393
2000002531300
2000002531276
2000002531033
2000002530876
2000002530763
2000002530584
2000002530533
2000002530529
2000002530488
2000002530452
2000002529801
2000002529659
2000002529650
2000002529464
2000002529430
2000002529133
2000002528002
2000002527367
2000002527322
2000002527285
2000002527284
2000002527246
2000002527236
2000002527107
2000002527102
2000002527042
2000002526980
2000002526944
2000002526896
2000002526720
2000002526575
2000002526546
2000002526421
2000002526247
2000002526148
2000002525935
2000002525873
2000002525572
2000002525525
2000002525403
2000002525364
2000002525355
2000002525240
2000002525239
2000002525226
2000002525217
2000002525210
2000002525071
2000002524860
2000002524759
2000002524726
2000002524712
2000002524679
2000002524677
2000002524664
2000002524646
2000002524640
2000002524637
2000002524628
2000002524579
2000002524575
2000002524511
2000002524349
2000002523953
2000002522662
2000002522589
2000002522571
2000002522546
2000002522231
2000002522126
2000002522039
2000002522025
2000002521951
2000002521786
2000002520917
2000002520872
2000002520850
2000002520623
2000002520600
2000002520538
2000002520354
2000002520162
2000002520099
2000002520091
2000002520025
2000002519868
2000002519822
2000002519820
2000002519748
2000002518333
2000002518278
2000002517539
2000002517527
2000002517460
2000002517442
2000002517191
2000002517159
2000002517140
2000002517112
2000002517103
2000002517029
2000002516885
2000002516860
2000002516842
2000002516752
2000002516750
2000002516706
2000002516704
2000002516627
2000002516549
2000002516499
2000002516490
2000002516475
2000002516225
2000002516042
2000002516012
2000002515948
2000002515940
2000002515912
2000002515869
2000002515821
2000002515785
2000002515756
2000002515698
2000002515685
2000002515573
2000002515540
2000002515492
2000002515460
2000002515442
2000002515419
2000002515351
2000002515178
2000002515164
2000002515125
2000002514992
2000002514904
2000002514751
2000002514679
2000002514511
2000002514412
2000002514216
2000002514139
2000002514091
2000002514056
2000002513910
2000002513749
2000002513560
2000002513507
2000002513504
2000002513473
2000002513367
2000002513360
2000002513273
2000002512916
2000002512757
2000002512675
2000002512613
2000002512583
2000002512537
2000002511360
2000002511341
2000002510984
2000002510980
2000002510935
2000002510870
2000002510799
2000002510755
2000002510734
2000002510598
2000002510591
2000002510578
2000002510525
2000002510351
2000002510205
2000002510147
2000002509993
2000002509873
2000002509814
2000002509811
2000002509713
2000002509701
2000002509700
2000002509528
2000002509494
2000002509465
2000002509451
2000002509319
2000002509271
2000002509258
2000002509199
2000002508064
2000002507884
2000002507865
2000002507806
2000002507763
2000002507695
2000002507667
2000002507665
2000002507304
2000002507252
2000002507137
2000002507136
2000002507107
2000002507040
2000002507000
2000002506776
2000002506773
2000002506736
2000002506714
2000002506470
2000002506132
2000002506125
2000002506124
2000002505832
2000002505792
2000002505756
2000002505386
2000002505381
2000002505311
2000002505256
2000002505226
2000002505186
2000002505172
2000002505140
2000002505076
2000002504032
2000002504030
2000002503934
2000002503852
2000002503736
2000002503628