2000005056606
2000005055822
2000005055515
2000005055356
2000005054121
2000005053848
2000005051211
2000005050000
2000005048619
2000005046650
2000005045887
2000005045593
2000005044394
2000005043125
2000005040537
2000005029793
2000005028544
2000005028541
2000005028134
2000005026627
2000005024296
2000005020054
2000005020021
2000005016934
2000005014732
2000005011927
2000005010940
2000005010672
2000005009744
2000005008863
2000005008320
2000005005349
2000005001255
2000004998125
2000004997741
2000004996745
2000004995708
2000004995636
2000004995193
2000004993440
2000004992563
2000004992363
2000004990440
2000004987688
2000004987533
2000004987265
2000004986152
2000004982063
2000004981821
2000004893065
2000004892961
2000004890200
2000004887563
2000004887019
2000004886637
2000004885992
2000004885674
2000004885117
2000004884446
2000004884187
2000004883983
2000004883321
2000004882662
2000004882541
2000004879355
2000004879065
2000004878448
2000004877212
2000004877207
2000004877201
2000004877199
2000004877197
2000004877193
2000004877192
2000004877191
2000004877190
2000004877189
2000004877183
2000004877177
2000004877166
2000004877163
2000004877155
2000004877152
2000004877142
2000004877135
2000004877128
2000004877123
2000004877120
2000004877117
2000004877111
2000004877106
2000004877105
2000004877102
2000004877056
2000004877049
2000004877048
2000004877042
2000004877039
2000004877026
2000004877023
2000004877017
2000004877016
2000004877012
2000004877008
2000004877006
2000004876985
2000004876971
2000004876969
2000004875839
2000004875745
2000004875742
2000004875740
2000004875734
2000004875667
2000004875596
2000004875255
2000004875247
2000004870076
2000004869873
2000004869680
2000004869675
2000004869536
2000004868863
2000004868465
2000004866302
2000004866089
2000004865880
2000004865812
2000004864714
2000004864405
2000004864288
2000004864241
2000004864117
2000004862442
2000004860106
2000004859700
2000004859565
2000004856889
2000004856551
2000004855883
2000004855751
2000004855609
2000004855188
2000004851513
2000004851154
2000004850400
2000004849646
2000004849636
2000004849630
2000004849542
2000004848843
2000004848704
2000004848530
2000004848262
2000004847060
2000004846854
2000004846661
2000004846624
2000004845283
2000004845053
2000004844054
2000004843790
2000004841509
2000004841196
2000004840140
2000004840040
2000004839690
2000004839433
2000004839258
2000004839251
2000004838444
2000004838440
2000004838038
2000004837806
2000004837218
2000004834930
2000004834592
2000004833609
2000004833537
2000004832697
2000004832221
2000004830465
2000004830011
2000004830009
2000004829921
2000004829893
2000004829323
2000004829020
2000004828405
2000004825919
2000004825833
2000004825653
2000004825649
2000004825286
2000004825138
2000004825038
2000004824958
2000004824738
2000004824632
2000004824540
2000004824410
2000004824070
2000004823495
2000004822018
2000004821512
2000004821337
2000004821186
2000004820985
2000004820936
2000004819779
2000004818204
2000004818039
2000004817677
2000004817128
2000004816611
2000004816139
2000004815781
2000004815780
2000004815648
2000004815262
2000004815037
2000004814834
2000004814652
2000004814256
2000004814252
2000004814251
2000004813686
2000004813611
2000004813579
2000004813571
2000004813251
2000004812851
2000004812824
2000004812488
2000004812457
2000004812165
2000004812162
2000004811463
2000004810815
2000004810499
2000004810360
2000004810274
2000004810227
2000004809955
2000004809913
2000004809809
2000004809546
2000004809498
2000004809430
2000004809427
2000004809365
2000004809295
2000004809149
2000004808509
2000004808101
2000004808007
2000004807741
2000004807000
2000004805961
2000004805960
2000004805750
2000004805335
2000004805331
2000004805224
2000004805089
2000004804930
2000004804882
2000004804785
2000004804681
2000004804265
2000004804080
2000004803841
2000004803314
2000004802984
2000004802817
2000004802782
2000004798574
2000004798282
2000004797893
2000004797865
2000004797858
2000004797051
2000004796980
2000004795683
2000004795631
2000004795472
2000004795274
2000004795132
2000004794775
2000004794585
2000004794329
2000004794234
2000004794067
2000004793958
2000004793765
2000004793633
2000004793348
2000004793114
2000004793054
2000004792927
2000004792925
2000004792825
2000004792756
2000004792541
2000004792139
2000004791602
2000004791571
2000004791411
2000004790993
2000004790953
2000004790950
2000002930462
2000002930368
2000002930312
2000002930261
2000002930116
2000002930107
2000002930087
2000002930043
2000002929822
2000002929557
2000002929532
2000002929496
2000002929481
2000002929257
2000002929078
2000002928951
2000002928875
2000002928598
2000002928493
2000002928357
2000002928268
2000002928267
2000002928246
2000002928227
2000002927824
2000002927681
2000002927274
2000002927240
2000002926139
2000002926116
2000002926115
2000002926048
2000002926042
2000002925990
2000002925984
2000002925906
2000002925811
2000002925764
2000002925433
2000002925266
2000002925242
2000002925239
2000002925201
2000002925174
2000002925080
2000002925011
2000002925001
2000002924463
2000002924447
2000002924434
2000002924209
2000002924208
2000002924085
2000002923800
2000002923774
2000002923529
2000002918941
2000002918855
2000002918685
2000002918602
2000002918254
2000002918176
2000002918085
2000002917910
2000002917876
2000002917751
2000002917374
2000002917296
2000002916979
2000002916966
2000002916518
2000002916382
2000002916254
2000002915579
2000002915526
2000002915346
2000002915175
2000002915031
2000002914963
2000002914682
2000002914636
2000002914429
2000002914411
2000002914063
2000002914055
2000002913995
2000002913825
2000002913571
2000002913462
2000002913264
2000002913106
2000002913095
2000002913084
2000002912502
2000002912274
2000002911959
2000002911816
2000002911763
2000002911506
2000002911337
2000002911336
2000002911202
2000002911176
2000002911047
2000002910988
2000002910963
2000002910657
2000002910651
2000002910580
2000002910576
2000002910398
2000002910291
2000002910278
2000002910017
2000002910004
2000002909987
2000002909925
2000002909873
2000002909869
2000002909719
2000002909657
2000002909599
2000002909497
2000002909431
2000002909413
2000002909236
2000002909214
2000002908989
2000002908848
2000002908810
2000002908759
2000002908701
2000002908657
2000002908537
2000002908445
2000002908078
2000002907853
2000002907844
2000002907833
2000002907646
2000002907531
2000002907134
2000002907057
2000002906823
2000002906753
2000002906571
2000002906536
2000002906505
2000002906410
2000002906402
2000002906228
2000002906200
2000002906079
2000002906003
2000002905960
2000002905918
2000002905904
2000002905888
2000002905882
2000002905809
2000002905705
2000002905330
2000002905308
2000002905303
2000002905186
2000002905068
2000002905035
2000002904818
2000002904682
2000002904667
2000002904654
2000002904591
2000002904494
2000002904305
2000002904292
2000002904103
2000002904056
2000002903956
2000002903905
2000002903812
2000002903730
2000002903707
2000002903631
2000002903347
2000002903345
2000002903331
2000002903106
2000002903088
2000002902982
2000002902873
2000002902777
2000002902303
2000002902058
2000002902057
2000002902047
2000002901973
2000002901825
2000002901674
2000002901524
2000002901126
2000002901119
2000002901099
2000002900725
2000002900070
2000002900012
2000002899819
2000002899813
2000002899330
2000002899297
2000002899061
2000002898734
2000002898103
2000002898055
2000002898051
2000002897991
2000002897773
2000002897702
2000002897652
2000002897625
2000002897585
2000002897277
2000002897274
2000002897187
2000002897113
2000002896986
2000002896840
2000002896831
2000002896728
2000002896483
2000002896470
2000002896173
2000002896155
2000002896062
2000002895967
2000002895378
2000002895179
2000002894663
2000002894580
2000002894150
2000002893378
2000002893274
2000002893133
2000002893015
2000002893006
2000002892903
2000002892651
2000002892595
2000002892517
2000002892255
2000002892205
2000002892109
2000002892032
2000002891893
2000002891734
2000002891728
2000002891364
2000002891191
2000002891140
2000002891122
2000002890999
2000002890972
2000002890971
2000002890873
2000002890837
2000002890808
2000002890135
2000002890132
2000002890131
2000002890115
2000002890107
2000002890101
2000002890056
2000002890019
2000002889855
2000002889672
2000002889606
2000002889463
2000002889263
2000002889069
2000002888890
2000002888636
2000002888602
2000002888591
2000002888567
2000002888551
2000002888480
2000002888359
2000002888259
2000002888255
2000002887946
2000002887830
2000002887252
2000002887137
2000002886974
2000002886828
2000002886716
2000002886715
2000002886533
2000002886261
2000002886114
2000002885355
2000002885221
2000002884623
2000002884447
2000002884432
2000002884356
2000002883964
2000002883959
2000002879731
2000002879254
2000002878849
2000002878816
2000002878600
2000002878376
2000002878156
2000002878079
2000002877963
2000002877882
2000002877721
2000002877614
2000002877607
2000002877384
2000002869142
2000002863517
2000002863428
2000002863323
2000002861602
2000002861331
2000002860615
2000002860322
2000002859596
2000002859456
2000002859245
2000002858829
2000002858546
2000002858279
2000002857522
2000002857515
2000002856972
2000002856319
2000002856039
2000002855250
2000002854769
2000002854610
2000002853263
2000002850987
2000002850942
2000002849623
2000002848921
2000002848375
2000002847402
2000002847247
2000002846949
2000002846226
2000002845645
2000002845382
2000002845365
2000002844804
2000002843894
2000002842754
2000002842626
2000002842481
2000002842402
2000002842221
2000002841764
2000002840544
2000002839768
2000002839755
2000002839049
2000002838573
2000002838546
2000002838089
2000002836705
2000002836667
2000002836294
2000002834755
2000002834563
2000002834561
2000002834541
2000002834477
2000002833595
2000002833220
2000002833113
2000002832376
2000002831274
2000002831270
2000002831251
2000002831149
2000002831082
2000002830957
2000002830844
2000002830285
2000002830256
2000002830152
2000002829899
2000002829799
2000002829758
2000002829687
2000002829536
2000002829360
2000002828827
2000002828660
2000002828213
2000002827993
2000002827863
2000002827589
2000002826801
2000002826800
2000002826402
2000002826125
2000002825994
2000002825909
2000002825504
2000002824949
2000002824838
2000002824731
2000002824521
2000002824335
2000002824266
2000002824190
2000002824160
2000002823538
2000002822920
2000002822351
2000002822190
2000002822024
2000002821628
2000002821357
2000002820573
2000002820569
2000002820567
2000002820565
2000002820292
2000002820285
2000002819966
2000002819909
2000002819038
2000002818798
2000002818618
2000002818415
2000002818363
2000002816738
2000002816027
2000002815605
2000002815346
2000002814489
2000002814143
2000002814094
2000002812938
2000002811752
2000002810896
2000002810880
2000002810640
2000002810265
2000002809993
2000002809866
2000002809636
2000002807340
2000002807221
2000002807202
2000002807126
2000002807087
2000002807079
2000002807057
2000002806938
2000002806908
2000002806839
2000002806732
2000002806723
2000002806718
2000002806440
2000002805893
2000002805847
2000002805822
2000002805617
2000002805534
2000002803597
2000002803249
2000002803226
2000002802083
2000002801946
2000002801872
2000002801704
2000002800736
2000002800310
2000002800098
2000002799547
2000002799541
2000002799465
2000002799428
2000002799282
2000002799169
2000002798890
2000002798888
2000002798348
2000002797731
2000002797689
2000002796820
2000002796802
2000002796785
2000002796627
2000002795209
2000002794512
2000002793602
2000002793557
2000002793482
2000002793383
2000002793291
2000002791060
2000002790367
2000002789513
2000002788910
2000002788882
2000002787973
2000002786813
2000002786690
2000002786565
2000002786369
2000002785935
2000002785451
2000002785039
2000002784963
2000002784709
2000002784245
2000002783867
2000002783706
2000002783614
2000002783250
2000002783198
2000002782204
2000002782139
2000002781855
2000002781551
2000002781403
2000002781240
2000002781214
2000002781052
2000002780956
2000002780831
2000002780779
2000002779850
2000002779716
2000002779695
2000002779491
2000002779320
2000002777641
2000002777575
2000002777410
2000002776825
2000002775834
2000002775619
2000002775415
2000002775172
2000002773650
2000002773231
2000002772937
2000002772347
2000002771742
2000002771465
2000002771458
2000002771183
2000002771050
2000002770919
2000002770849
2000002770573
2000002770542
2000002770456
2000002770141
2000002770056
2000002769918
2000002769878
2000002769810
2000002768970
2000002768553
2000002768048
2000002767676
2000002767614
2000002767529
2000002767475
2000002767255
2000002767088
2000002764534
2000002764337
2000002763871
2000002763869
2000002763363
2000002762584
2000002761053
2000002759702
2000002759475
2000002758558
2000002758304
2000002757097
2000002755255
2000002754805
2000002752875
2000002752624
2000002752303
2000002752122
2000002750953
2000002750506
2000002750278
2000002749749
2000002749707
2000002749537
2000002747803
2000002746737
2000002746516
2000002746183
2000002745926
2000002745319
2000002745275
2000002744506
2000002744303
2000002743667
2000002743515
2000002743380
2000002742257
2000002742214
2000002742120
2000002742113
2000002742111
2000002742018
2000002741762
2000002741612
2000002741521
2000002740963
2000002740206
2000002740022
2000002738917
2000002738442
2000002737144
2000002736736
2000002735948
2000002735587
2000002735569
2000002733458
2000002732198
2000002732071
2000002730383
2000002730360
2000002729706
2000002728942
2000002728869
2000002727469
2000002727195
2000002726744
2000002726301
2000002725817
2000002724956
2000002724067
2000002723834
2000002723471
2000002722585
2000002721178
2000002719931
2000002718918
2000002718478
2000002718305
2000002718194
2000002718171
2000002717987
2000002717224
2000002716991
2000002716633
2000002715264
2000002715173
2000002715149
2000002715094
2000002714642
2000002713617
2000002712495
2000002712410
2000002711994
2000002711666
2000002711402
2000002711391
2000002711347
2000002711235
2000002711082
2000002711051
2000002710669
2000002710396
2000002710077
2000002709911
2000002709435
2000002708151
2000002707990
2000002707815
2000002707116
2000002706842
2000002706574
2000002706311
2000002706150
2000002705788
2000002705725
2000002705703
2000002704096
2000002703686
2000002703384
2000002702479
2000002702389
2000002702256
2000002702169
2000002701771
2000002701156
2000002700627
2000002699667
2000002697830
2000002697004
2000002696714
2000002696609
2000002696185
2000002696137
2000002696110
2000002696080
2000002696005
2000002695706
2000002695256
2000002694683
2000002694477
2000002693430
2000002691832
2000002691370
2000002690631
2000002690078
2000002689704
2000002689484
2000002688749
2000002687160
2000002687130
2000002687129
2000002686974
2000002685719
2000002685663
2000002685621
2000002684640
2000002684383
2000002683700
2000002683684
2000002681920
2000002681805
2000002681737
2000002681676
2000002681458
2000002681429
2000002681339
2000002681242
2000002680444
2000002680359
2000002679870
2000002679766
2000002679086
2000002678939
2000002678773
2000002678712
2000002678651
2000002678479
2000002677494
2000002676644
2000002676230
2000002675892
2000002675486
2000002675420
2000002673348
2000002673250
2000002672817
2000002672765
2000002672751
2000002672632
2000002672092
2000002672065
2000002672008
2000002671939
2000002671348
2000002670994
2000002670637
2000002670118
2000002670071
2000002668114
2000002668051
2000002667682
2000002666877
2000002666158
2000002665477
2000002663775
2000002662556
2000002661822
2000002661790
2000002660599
2000002659761
2000002659384
2000002658964
2000002658833
2000002657971
2000002657562
2000002657129
2000002657063
2000002656719
2000002645456
2000002645050
2000002644870
2000002644183
2000002643676
2000002643130
2000002642813
2000002642722
2000002642539
2000002641433
2000002641208
2000002639428
2000002638997
2000002638819
2000002638304
2000002638224
2000002637965
2000002637676
2000002635946
2000002635906
2000002635674
2000002635472
2000002635208
2000002633436
2000002633046
2000002631959
2000002631379
2000002631370
2000002630662
2000002630313
2000002630006
2000002629939
2000002629477
2000002629473
2000002629119
2000002628929
2000002628566
2000002628457
2000002626921
2000002626850
2000002626633
2000002625330
2000002623336
2000002623178
2000002621605
2000002621535
2000002621457
2000002621376
2000002621108
2000002620813
2000002620272
2000002619458
2000002618928
2000002618878
2000002618875
2000002618865
2000002618835
2000002618789
2000002618767
2000002618766
2000002618316
2000002617832
2000002617372
2000002617284
2000002615944
2000002615511
2000002614501
2000002612837
2000002610773
2000002610755
2000002610635
2000002609638
2000002608961
2000002607822
2000002607791
2000002607772
2000002607715
2000002607681
2000002606416
2000002605213
2000002604773
2000002604163
2000002604078
2000002604076
2000002601875
2000002600907
2000002600879
2000002598789
2000002598681
2000002597064
2000002596502
2000002596145
2000002594426
2000002594374
2000002593966
2000002593242
2000002593051
2000002590443
2000002590137
2000002580871
2000002580482
2000002580192
2000002580049
2000002579524
2000002578778
2000002577325
2000002577081
2000002576887
2000002575700
2000002575171
2000002574851
2000002574376
2000002573625
2000002573493
2000002571699
2000002564347
2000002563436
2000002563345
2000002562727
2000002561182
2000002560782
2000002559855
2000002559345
2000002558380
2000002556527
2000002556201
2000002556119
2000002555176
2000002554767
2000002554649
2000002553958
2000002552808
2000002549378
2000002547677
2000002546815
2000002546762
2000002546555
2000002543789
2000002543135
2000002542060
2000002541840
2000002541620
2000002540323
2000002540137
2000002539170
2000002537366
2000002537282
2000002537281
2000002536653
2000002536401
2000002534401
2000002533793
2000002532978
2000002532831
2000002532392
2000002531612
2000002531345
2000002530774
2000002530523
2000002529778
2000002529316
2000002527258
2000002527105
2000002526622
2000002526414
2000002526345
2000002526218
2000002526051
2000002525925
2000002524714
2000002524538
2000002524214
2000002524060
2000002520622
2000002519948
2000002517560
2000002517479
2000002517423
2000002516431
2000002515885
2000002515026
2000002514591
2000002513569
2000002513525
2000002513431
2000002513417
2000002513324
2000002513215
2000002511417
2000002510732
2000002510609
2000002509696
2000002509461
2000002505667
2000002505366
2000002503902